05867251475897,300
08744376079570,300
11400723052785,500
12419175741300,100
13113622569179,300
13450781858376,500
13620682764398,300
14475648179497,300
17431460581197,500
22719155856664,300
22777235848299,100
65890131792261,500
72123598478849,100
74476275544754,100
75406040426390,300
75715271942091,300
78605883700354,300
79065181129868,100
79083028334054,300
79196070849305,500
79439694612390,500
80135364816097,300
80843783903197,500
82406542747769,100
85381637690063,100
89087339515359,500
89673803381571,500
90428592814390,500
92755098266991,500
92810989810445,300
93199532774010,100
93201589764073,100
93997135787213,100
94039977691171,100
94282661783080,500
94608976633236,100
94670329132640,100
94677392916666,300
95458624684497,500
95532498511562,500
97356276479644,100
98241802358054,100
98259612823539,500
98302982405452,300
99023676477110,300
