01776917268176,500
03027083356691,100
05656746577182,300
07008861065798,300
07708974200623,300
07993974054621,500
08500319886310,100
08580768715374,500
09083943053297,500
10411622493150,300
12431134394640,300
12893497981135,100
17877278029090,100
18694661632338,100
24180060616841,500
25385564855070,300
26925801122156,100
39733365822847,100
40850022892637,100
47088700838820,500
48674804573236,500
58381361787758,300
59241544673479,500
59508511982321,100
64431660413948,500
66355624341446,100
71848226068128,100
72198621720292,100
72647090246400,100
74048177442757,500
76763050512691,500
76816109705043,500
77879068460930,300
80686256055534,300
85626581591320,300
85764294698292,100
86717218629991,100
91593970331773,300
92030261978953,500
92392226453675,300
95268812700034,500
96224932885663,300
96226105997544,500
96889679952681,300
98633677354752,300
