05225304635812,100
05482237599854,100
07227083883709,300
07895448548213,300
07919708666692,300
08705624962528,500
10027595666164,100
10221462105722,300
15026966875704,300
24187036830476,500
24653599170095,500
25135669671846,100
27528485410756,500
30316623250466,100
30593834129676,500
33246242470436,100
34046727400505,100
35494925430249,100
37296514087343,500
42291829290376,300
42792298871340,100
48763479088889,500
53136165200657,300
53241327334126,500
57051393742334,100
58345680366461,300
60580757170426,500
62017911530074,500
73239657296036,300
73249314230619,300
74957956374951,500
75323520737718,100
76391866177231,100
77308867997680,500
79066034179622,300
80727821091774,300
83438574628091,100
87617129939627,500
88585968145330,100
89794353020823,300
92009439151385,300
94347305223602,100
95401762484213,500
96165318441990,500
99586430404058,300
